##FastQC	0.11.8
>>Basic Statistics	pass
#Measure	Value
Filename	SRR6058604_scaffold_06.2P.fastq.gz
File type	Conventional base calls
Encoding	Sanger / Illumina 1.9
Total Sequences	4510774
Sequences flagged as poor quality	0
Sequence length	50-151
%GC	32
>>END_MODULE
>>Per base sequence quality	pass
#Base	Mean	Median	Lower Quartile	Upper Quartile	10th Percentile	90th Percentile
1	31.8799363479527	32.0	32.0	32.0	32.0	32.0
2	31.553968343348615	32.0	32.0	32.0	32.0	32.0
3	35.29806591950739	37.0	37.0	37.0	32.0	37.0
4	35.98192217122826	37.0	37.0	37.0	32.0	37.0
5	36.26744124179132	37.0	37.0	37.0	37.0	37.0
6	39.63262047710659	41.0	41.0	41.0	37.0	41.0
7	39.744637173132595	41.0	41.0	41.0	37.0	41.0
8	39.81277692032454	41.0	41.0	41.0	37.0	41.0
9	39.79569138245454	41.0	41.0	41.0	37.0	41.0
10-14	39.808351648741436	41.0	41.0	41.0	37.0	41.0
15-19	39.780285467638144	41.0	41.0	41.0	37.0	41.0
20-24	39.768549432979796	41.0	41.0	41.0	37.0	41.0
25-29	39.768009215269934	41.0	41.0	41.0	37.0	41.0
30-34	39.73878797740698	41.0	41.0	41.0	37.0	41.0
35-39	39.71046343709527	41.0	41.0	41.0	37.0	41.0
40-44	39.68580208186001	41.0	41.0	41.0	37.0	41.0
45-49	39.60901756549985	41.0	41.0	41.0	37.0	41.0
50-54	39.55192725357766	41.0	41.0	41.0	37.0	41.0
55-59	39.51867158408666	41.0	41.0	41.0	37.0	41.0
60-64	39.50586066414877	41.0	41.0	41.0	37.0	41.0
65-69	39.46795062858748	41.0	41.0	41.0	37.0	41.0
70-74	39.42027828128975	41.0	41.0	41.0	37.0	41.0
75-79	38.7866698953904	41.0	39.4	41.0	35.0	41.0
80-84	39.58426200414628	41.0	41.0	41.0	37.0	41.0
85-89	39.60038548555375	41.0	41.0	41.0	37.0	41.0
90-94	39.555435774346265	41.0	41.0	41.0	37.0	41.0
95-99	39.529838961870816	41.0	41.0	41.0	37.0	41.0
100-104	39.45543212453583	41.0	41.0	41.0	37.0	41.0
105-109	39.36322963057891	41.0	41.0	41.0	37.0	41.0
110-114	39.31952039097242	41.0	41.0	41.0	37.0	41.0
115-119	39.25728126465665	41.0	41.0	41.0	37.0	41.0
120-124	39.16791492297235	41.0	41.0	41.0	37.0	41.0
125-129	38.97650294880435	41.0	41.0	41.0	35.0	41.0
130-134	38.92464564335793	41.0	40.2	41.0	35.0	41.0
135-139	38.78103819427254	41.0	37.0	41.0	33.0	41.0
140-144	38.66257290184204	41.0	37.0	41.0	32.0	41.0
145-149	38.43867454460916	41.0	37.0	41.0	32.0	41.0
150-151	38.08980240844008	41.0	37.0	41.0	32.0	41.0
>>END_MODULE
>>Per sequence quality scores	pass
#Quality	Count
19	1.0
20	1.0
21	43.0
22	159.0
23	492.0
24	1176.0
25	2635.0
26	4693.0
27	8068.0
28	13102.0
29	19742.0
30	28856.0
31	40363.0
32	55475.0
33	75235.0
34	100392.0
35	134021.0
36	178690.0
37	245880.0
38	374970.0
39	755982.0
40	2470798.0
>>END_MODULE
>>Per base sequence content	warn
#Base	G	A	T	C
1	18.227403988761132	39.583095938745764	28.145945684709545	14.04355438778356
2	15.708067211793006	36.26422472543133	34.62966639199633	13.398041670779328
3	16.116845254408815	35.16043183908566	33.67403368820274	15.048689218302783
4	16.682569332890544	33.97809333830513	33.4751641292603	15.864173199544023
5	16.859988995236737	34.233969602556016	32.91202352412247	15.994017878084781
6	16.719148421091372	34.18867804062008	32.9400674917431	16.15210604654545
7	16.750340407211713	34.402366423146006	32.88464463083276	15.962648538809526
8	16.22528639209147	34.18845634917644	33.475940049313046	16.110317209419048
9	16.117662342499244	34.229174074859024	33.653618493685784	15.99954508895595
10-14	15.938866894139844	34.36391043877706	33.88627174726748	15.810950919815618
15-19	16.00280165250854	34.06167076175791	34.00954658170727	15.92598100402628
20-24	16.124694909354155	33.99308924544583	33.85560752029072	16.026608324909304
25-29	16.180031582776728	33.975039921899764	33.73651510682289	16.10841338850061
30-34	16.208329363133544	33.981568488817295	33.68759117511159	16.12251097293757
35-39	16.24228402588293	33.929748610659104	33.650133502646554	16.177833860811408
40-44	16.268011828292103	33.94762221276037	33.61195698040248	16.172408978545047
45-49	16.21332133688243	33.90964716219156	33.66108527531868	16.215946225607325
50-54	16.238707392833998	33.87179238100752	33.66647386515413	16.223026361004347
55-59	16.273888002807745	33.856981307374745	33.65010152693481	16.2190291628827
60-64	16.252592464666186	33.850659289764664	33.656474945112244	16.24027330045691
65-69	16.231197283976794	33.826211363249726	33.68145810298412	16.261133249789367
70-74	16.255161586361382	33.83955378476309	33.6746816276914	16.230603001184125
75-79	16.24685411907505	33.854044662788596	33.646958368439236	16.25214284969712
80-84	16.22975497187165	33.841911809651435	33.66869444839625	16.259638770080667
85-89	16.26669577875215	33.82789805518276	33.68062942800249	16.2247767380626
90-94	16.25398566176291	33.82245943230233	33.685673987378934	16.237880918555824
95-99	16.239397037414005	33.816273106152416	33.70803056177176	16.236299294661823
100-104	16.264456491223864	33.79951494774108	33.68779742562892	16.248231135406126
105-109	16.252331535536317	33.79639564971509	33.720120397339436	16.231152417409163
110-114	16.24166706075752	33.7691469156198	33.73801450951514	16.251171514107543
115-119	16.26367798836049	33.791928415018454	33.707797629203654	16.236595967417404
120-124	16.260520879441742	33.75914374908755	33.726955513442235	16.25337985802847
125-129	16.268745482730377	33.82882027744488	33.67158192152085	16.230852318303892
130-134	16.251216212093077	33.82145987639556	33.685614212062184	16.241709699449178
135-139	16.25342656887388	33.797998578131825	33.70756337159332	16.241011481400978
140-144	16.25520566180674	33.73895203154493	33.712636664165224	16.2932056424831
145-149	16.307091237373296	33.81110764007182	33.62640945706099	16.255391665493892
150-151	16.51701938762844	33.53616757705998	33.52643879214362	16.420374243167952
>>END_MODULE
>>Per sequence GC content	pass
#GC Content	Count
0	247.0
1	324.0
2	576.5
3	950.5
4	1630.0
5	2679.5
6	4076.0
7	6130.0
8	8564.0
9	11412.0
10	14691.0
11	18437.0
12	23109.5
13	28520.0
14	34020.0
15	39542.5
16	46229.5
17	53344.0
18	60737.0
19	68332.0
20	75691.0
21	82185.5
22	89106.0
23	97678.5
24	107742.0
25	119864.0
26	132457.0
27	145344.0
28	155996.0
29	166652.0
30	179763.5
31	191205.5
32	199327.0
33	202455.0
34	203047.5
35	200742.0
36	192983.0
37	181697.0
38	172250.0
39	165051.5
40	153879.0
41	139401.0
42	124268.0
43	108829.5
44	95322.5
45	84086.5
46	71478.5
47	58274.0
48	47229.5
49	38914.5
50	32246.5
51	26389.5
52	21827.5
53	17155.0
54	12892.5
55	10031.5
56	7850.0
57	6281.5
58	5353.0
59	4885.5
60	4070.5
61	3210.0
62	2325.5
63	1508.0
64	1147.5
65	821.5
66	551.5
67	405.0
68	310.0
69	236.0
70	200.5
71	177.5
72	158.0
73	145.5
74	112.5
75	69.5
76	47.0
77	34.0
78	22.5
79	18.0
80	14.5
81	11.5
82	12.5
83	14.0
84	10.5
85	7.5
86	8.0
87	9.5
88	8.0
89	8.5
90	11.0
91	13.5
92	14.0
93	21.5
94	29.0
95	45.5
96	76.0
97	107.5
98	168.5
99	265.5
100	554.0
>>END_MODULE
>>Per base N content	pass
#Base	N-Count
1	0.0
2	0.051853628667718664
3	0.020972010568474503
4	0.0
5	0.0
6	0.0
7	0.0
8	0.0
9	4.43382887282759E-5
10-14	8.86765774565518E-6
15-19	1.6848549716744842E-4
20-24	0.0014498620414146218
25-29	0.010366291904670906
30-34	0.0019021125864430361
35-39	4.43382887282759E-5
40-44	6.60640502051311E-4
45-49	0.0023632307892171053
50-54	0.0011809471142580539
55-59	3.6521948889581317E-4
60-64	4.870447438622755E-4
65-69	0.0019634165294479086
70-74	8.679300130018614E-4
75-79	0.002229159289721261
80-84	9.64422368278129E-4
85-89	0.0012220747958839795
90-94	0.007664212477319675
95-99	8.053151163732963E-4
100-104	7.210196706106595E-4
105-109	0.009486828497455543
110-114	0.004136626001257831
115-119	0.009117866187069073
120-124	8.768780231885729E-4
125-129	0.011170815307859282
130-134	1.2713002232450277E-4
135-139	0.002275732155314698
140-144	0.0013612032236909521
145-149	0.008903501861872309
150-151	4.5367184982554425E-4
>>END_MODULE
>>Sequence Length Distribution	warn
#Length	Count
50-54	14591.0
55-59	14454.0
60-64	14424.0
65-69	14118.0
70-74	14941.0
75-79	15418.0
80-84	14337.0
85-89	15519.0
90-94	15803.0
95-99	15575.0
100-104	16459.0
105-109	16229.0
110-114	16423.0
115-119	17006.0
120-124	19181.0
125-129	20566.0
130-134	20296.0
135-139	22034.0
140-144	28265.0
145-149	68660.0
150-152	4116475.0
>>END_MODULE
>>Sequence Duplication Levels	pass
#Total Deduplicated Percentage	78.07688489284469
#Duplication Level	Percentage of deduplicated	Percentage of total
1	91.09589558701254	71.12483753957775
2	6.657066599154383	10.395260451723559
3	0.9411273089857083	2.2044086571956947
4	0.27362973270243673	0.8545662857387205
5	0.12154597526516911	0.4744965559983579
6	0.07033585244720301	0.3294962553216227
7	0.052350310485805227	0.28611444161334265
8	0.03750454227073429	0.23425902638647594
9	0.027724627809342164	0.19481873167502722
>10	0.7048349493618118	13.011434387683856
>50	0.017542753311280284	0.8125927718492033
>100	4.1071626327348227E-4	0.058129852325570414
>500	3.104493029771686E-5	0.019585042910838703
>1k	0.0	0.0
>5k	0.0	0.0
>10k+	0.0	0.0
>>END_MODULE
>>Overrepresented sequences	pass
>>END_MODULE
>>Adapter Content	pass
#Position	Illumina Universal Adapter	Illumina Small RNA 3' Adapter	Illumina Small RNA 5' Adapter	Nextera Transposase Sequence	SOLID Small RNA Adapter
1	0.0	0.0	0.0	0.0	0.0
2	0.0	0.0	0.0	0.0	0.0
3	0.0	0.0	0.0	0.0	0.0
4	0.0	0.0	0.0	0.0	0.0
5	0.0	0.0	0.0	0.0	0.0
6	0.0	0.0	2.216914436413795E-5	0.0	0.0
7	0.0	0.0	2.216914436413795E-5	0.0	0.0
8	0.0	0.0	2.216914436413795E-5	2.216914436413795E-5	0.0
9	0.0	0.0	2.216914436413795E-5	2.216914436413795E-5	0.0
10-14	4.4338288728275905E-6	0.0	2.216914436413795E-5	2.216914436413795E-5	0.0
15-19	6.207360421958627E-5	2.216914436413795E-5	2.216914436413795E-5	2.216914436413795E-5	0.0
20-24	9.7544235202207E-5	2.216914436413795E-5	6.650743309241385E-5	7.537509083806903E-5	0.0
25-29	2.349929302598623E-4	2.216914436413795E-5	1.4188252393048287E-4	1.2858103731200012E-4	0.0
30-34	5.40927122484966E-4	3.5470630982620724E-5	1.5518401054896564E-4	1.6405166829462083E-4	0.0
35-39	9.444055499122767E-4	4.43382887282759E-5	1.5518401054896564E-4	1.773531549131036E-4	0.0
40-44	0.0012636412287558632	5.320594647393108E-5	1.5518401054896564E-4	1.773531549131036E-4	0.0
45-49	0.001578443078726622	6.650743309241385E-5	1.817869837859312E-4	2.0395612815006913E-4	0.0
50-54	0.001977487677281105	6.650743309241385E-5	2.2169144364137954E-4	2.2169144364137954E-4	0.0
55-59	0.0022834218695062087	7.537509083806903E-5	2.2169144364137954E-4	2.70463561242483E-4	0.0
60-64	0.002580488403985657	8.86765774565518E-5	2.2169144364137954E-4	3.148018499707589E-4	0.0
65-69	0.0028642534518466232	8.86765774565518E-5	2.2169144364137954E-4	3.45838652080552E-4	0.0
70-74	0.003156886157453244	8.86765774565518E-5	2.2169144364137954E-4	3.857431119360003E-4	0.0
75-79	0.003343106970112003	1.1084572182068977E-4	2.2169144364137954E-4	3.990445985544831E-4	0.0
80-84	0.0038707326059784857	1.1084572182068977E-4	2.6159590349682785E-4	4.0791225630013825E-4	0.0
85-89	0.004549108423521107	1.1084572182068977E-4	2.660297323696554E-4	4.2564757179144863E-4	0.0
90-94	0.00564869798398235	1.1084572182068977E-4	2.660297323696554E-4	5.187579781208279E-4	0.0
95-99	0.0067349860578251085	1.1084572182068977E-4	2.660297323696554E-4	5.586624379762764E-4	0.0
100-104	0.008238054045713664	1.1084572182068977E-4	2.660297323696554E-4	6.207360421958626E-4	0.0
105-109	0.01019337257863063	1.1084572182068977E-4	2.660297323696554E-4	6.207360421958626E-4	0.0
110-114	0.012472360619264012	1.1084572182068977E-4	2.660297323696554E-4	6.207360421958626E-4	0.0
115-119	0.014999643076775737	1.374486950576553E-4	2.660297323696554E-4	6.429051865600006E-4	0.0
120-124	0.017540227020905946	1.5518401054896564E-4	2.660297323696554E-4	7.13846448525242E-4	0.0
125-129	0.019029993522176016	1.5518401054896564E-4	2.660297323696554E-4	7.714862238720006E-4	0.0
130-134	0.01935809685876526	1.5518401054896564E-4	2.926327056066209E-4	7.759200527448283E-4	0.0
135-139	0.019588655960152294	1.5518401054896564E-4	3.103680210979313E-4	7.980891971089662E-4	0.0
140	0.019752707628446914	1.773531549131036E-4	3.325371654620693E-4	8.202583414731042E-4	0.0
>>END_MODULE
