##FastQC	0.11.8
>>Basic Statistics	pass
#Measure	Value
Filename	SRR6037732_scaffold_06.fq.gz
File type	Conventional base calls
Encoding	Sanger / Illumina 1.9
Total Sequences	277092
Sequences flagged as poor quality	0
Sequence length	43-46229
%GC	32
>>END_MODULE
>>Per base sequence quality	fail
#Base	Mean	Median	Lower Quartile	Upper Quartile	10th Percentile	90th Percentile
1	7.503276889985997	8.0	3.0	12.0	1.0	14.0
2	7.988271043552322	8.0	4.0	12.0	2.0	14.0
3	8.336447822383901	9.0	5.0	12.0	2.0	14.0
4	8.632273757452399	9.0	5.0	12.0	2.0	14.0
5	8.859609804685808	10.0	6.0	12.0	3.0	14.0
6	9.03660877975546	10.0	6.0	13.0	3.0	14.0
7	9.179763399881628	10.0	6.0	13.0	3.0	14.0
8	9.275818139823597	10.0	6.0	13.0	3.0	14.0
9	9.330355982850461	10.0	6.0	13.0	3.0	14.0
10-999	9.695637329182055	10.929292929292929	6.966666666666667	13.0	3.937373737373737	14.0
1000-1999	9.871029042710964	11.0	7.0	13.0	4.0	14.0
2000-2999	9.929657122000707	11.0	7.0	13.0	4.0	14.0
3000-3999	9.965432319858408	11.0	7.0	13.0	4.0	14.0
4000-4999	9.988041934588303	11.0	7.0	13.0	4.0	14.0
5000-5999	10.003086073516782	11.0	7.035	13.0	4.0	14.0
6000-6999	10.019308418211065	11.0	7.315	13.0	4.0	14.0
7000-7999	10.02408726581783	11.0	7.429	13.0	4.0	14.0
8000-8999	10.022894755134997	11.0	7.396	13.0	4.0	14.0
9000-9999	10.012432147667022	11.0	7.174	13.0	4.0	14.0
10000-10999	9.993476390023478	11.0	7.025	13.0	4.0	14.0
11000-11999	9.976044557644862	11.0	7.002	13.0	4.0	14.0
12000-12999	9.95853232786446	11.0	7.003	13.0	4.0	14.0
13000-13999	9.947656615220033	11.0	7.0	13.0	4.0	14.0
14000-14999	9.933308213974591	11.0	7.002	13.0	4.0	14.0
15000-15999	9.914652593153143	11.0	7.0	13.0	4.0	14.0
16000-16999	9.901379782764428	11.0	7.0	13.0	4.0	14.0
17000-17999	9.889795514091922	11.0	7.002	13.0	4.0	14.0
18000-18999	9.869336652195924	11.0	7.002	13.0	4.0	14.0
19000-19999	9.847625269454324	11.0	7.0	13.0	4.0	14.0
20000-20999	9.831843909251115	10.998	7.004	13.0	3.999	14.0
21000-21999	9.839614475549663	10.999	7.011	13.0	3.996	14.0
22000-22999	9.81912762223453	10.987	7.025	13.0	3.994	14.0
23000-23999	9.770291475712781	10.939	7.007	13.0	3.98	14.0
24000-24999	9.692031845927028	10.76	6.978	13.0	3.877	14.0
25000-25999	9.65859540465999	10.65	6.914	13.0	3.784	14.0
26000-26999	9.690611336781984	10.679	6.964	13.0	3.791	14.0
27000-27999	9.702769442625323	10.698	6.959	13.0	3.773	14.0
28000-28999	9.71448095734586	10.686	6.955	12.996	3.76	13.995
29000-29999	9.795571248114616	10.775	7.038	12.999	3.861	13.991
30000-30999	9.711038453578949	10.617	6.877	12.982	3.663	13.964
31000-31999	9.663877477410498	10.548	6.772	12.944	3.615	13.926
32000-32999	9.680829088870128	10.547979797979798	6.747474747474747	12.926767676767676	3.553030303030303	13.881313131313131
33000-33999	9.7324138255862	NaN	NaN	NaN	NaN	NaN
34000-34999	9.79428176428694	NaN	NaN	NaN	NaN	NaN
35000-35999	9.773717957256723	NaN	NaN	NaN	NaN	NaN
36000-36999	9.851026392961883	NaN	NaN	NaN	NaN	NaN
37000-37999	9.873987791952617	NaN	NaN	NaN	NaN	NaN
38000-38999	9.988224037812492	NaN	NaN	NaN	NaN	NaN
39000-39999	10.373798268398252	NaN	NaN	NaN	NaN	NaN
40000-40999	10.481400000000004	NaN	NaN	NaN	NaN	NaN
41000-41999	10.4348	NaN	NaN	NaN	NaN	NaN
42000-42999	10.129999999999997	NaN	NaN	NaN	NaN	NaN
43000-43999	10.8925	NaN	NaN	NaN	NaN	NaN
44000-44999	10.516	NaN	NaN	NaN	NaN	NaN
45000-45999	10.91	NaN	NaN	NaN	NaN	NaN
46000-46229	10.682608695652174	NaN	NaN	NaN	NaN	NaN
>>END_MODULE
>>Per sequence quality scores	fail
#Quality	Count
4	47.0
5	541.0
6	1729.0
7	7957.0
8	32692.0
9	83009.0
10	144496.0
11	6621.0
>>END_MODULE
>>Per base sequence content	warn
#Base	G	A	T	C
1	15.52986011866095	44.289622219335094	24.47165562340306	15.708862038600898
2	18.163281509390384	42.14773432650528	24.164537409957703	15.524446754146638
3	20.058319980367532	41.40213358740058	24.02342904161795	14.516117390613948
4	21.283905706407978	39.52153075512826	24.780217400718897	14.414346137744866
5	22.417464235705108	38.6019805696303	24.953805956144528	14.02674923852006
6	23.563653948868968	38.11730400011549	24.92601735163772	13.393024699377824
7	23.701153407532516	37.62649228415111	25.45688796500801	13.21546634330836
8	23.64774154432463	37.46300867581886	26.000389762245028	12.888860017611478
9	22.848368051044417	37.03787911596149	27.17833788055953	12.93541495243457
10-999	16.92169064647202	33.58523307023298	33.53786758673902	15.955208696555982
1000-1999	16.86485970148956	33.622345461823336	33.5546625681187	15.958132268568399
2000-2999	16.832448104976095	33.63496149126857	33.581985523272486	15.95060488048285
3000-3999	16.788631542721518	33.67192049044716	33.6092253626864	15.930222604144923
4000-4999	16.767985982002113	33.65321593457274	33.65070936764895	15.928088715776198
5000-5999	16.740072124836836	33.65760637653919	33.685592730973674	15.916728767650298
6000-6999	16.73506072412802	33.64101151466182	33.68501176002952	15.938916001180653
7000-7999	16.744254824785532	33.58562002385819	33.69336737561242	15.976757775743858
8000-8999	16.75462524908347	33.56776952831761	33.69407231860472	15.983532903994204
9000-9999	16.796647544669682	33.54504063787803	33.63895333961364	16.019358477838644
10000-10999	16.811154152552337	33.53287343466057	33.64059709984223	16.01537531294486
11000-11999	16.834243399360318	33.49262692240706	33.63443505191564	16.038694626316982
12000-12999	16.857371790473373	33.43504291208363	33.616647747646375	16.09093754979663
13000-13999	16.90726514168175	33.40787543765882	33.585115428071035	16.099743992588397
14000-14999	16.940613456339722	33.34346513778142	33.608218800314404	16.10770260556445
15000-15999	16.96884871272277	33.298973403128166	33.55775093920918	16.174426944939885
16000-16999	16.979650454709674	33.32094999419659	33.51209480324795	16.18730474784579
17000-17999	16.973920725116066	33.284762341312806	33.621905396659805	16.11941153691132
18000-18999	16.96007256182319	33.30093615075751	33.60576954984385	16.133221737575447
19000-19999	16.859481273556494	33.2144263714503	33.708500230992705	16.217592124000493
20000-20999	17.022234772519667	33.02664525385408	33.66745329491058	16.283666678715676
21000-21999	17.133298968843437	32.923942312030064	33.514511108432295	16.42824761069421
22000-22999	17.08470839899905	33.035185437307305	33.45196283768339	16.428143326010254
23000-23999	16.928330095561677	33.09273574093491	33.538708305222976	16.44022585828043
24000-24999	16.887562060500912	32.74192059947214	33.643528174083166	16.72698916594378
25000-25999	16.881287022011296	32.91342756625518	33.72131692716994	16.483968484563587
26000-26999	16.9762331725305	32.61030990326573	33.61469620050682	16.79876072369695
27000-27999	16.92557175186669	32.50482200369499	33.63025733915738	16.93934890528094
28000-28999	16.767567667084997	32.57716395057334	33.832775386088244	16.82249299625342
29000-29999	16.86597781812208	32.011238368835855	34.19446421876909	16.92831959427298
30000-30999	16.924065111195002	31.973563367346365	34.006457029203126	17.09591449225551
31000-31999	16.918847744230636	31.530719890349356	33.47193667367384	18.07849569174617
32000-32999	17.640266408231437	30.476111924448933	33.63300822731303	18.2506134400066
33000-33999	16.644568195880847	31.490320869795813	34.221691858923364	17.643419075399983
34000-34999	17.84776902887139	31.39067843792253	33.08677324425356	17.674779288952518
35000-35999	18.48785017799102	30.00567507609761	33.59387091781458	17.912603828096785
36000-36999	17.35137747704205	31.905912679233122	32.676010955372966	18.066698888351862
37000-37999	16.9142531438139	32.22186598268676	31.851376865804564	19.012504007694776
38000-38999	16.282850176104034	32.945001354646436	32.7390950961799	18.03305337306963
39000-39999	17.4818401937046	31.791767554479417	32.409200968523	18.317191283292978
40000-40999	17.967522262964902	31.46499039636808	31.587218438973284	18.98026890169373
41000-41999	19.03614457831325	29.83132530120482	33.5421686746988	17.59036144578313
42000-42999	16.56967840735069	30.81163859111792	35.09954058192955	17.519142419601838
43000-43999	21.559392987964415	28.780743066457354	29.304029304029307	20.355834641548928
44000-44999	14.399999999999999	34.599999999999994	37.3	13.700000000000001
45000-45999	18.2	32.9	35.6	13.3
46000-46229	14.782608695652174	33.91304347826087	39.130434782608695	12.173913043478262
>>END_MODULE
>>Per sequence GC content	warn
#GC Content	Count
0	0.0
1	0.0
2	0.0
3	1.0
4	1.5148869793662088
5	1.532258064516129
6	2.107723577235772
7	1.874568746066261
8	5.607492185290155
9	10.080345535488865
10	15.151898189939569
11	17.094852686474248
12	15.524099315752954
13	20.442111710236027
14	25.918981506843256
15	36.13300006479329
16	43.97615085318709
17	48.035870522801325
18	61.04838654098632
19	68.5002517026252
20	88.35909569303821
21	91.90466788923936
22	117.44381396284923
23	148.7449667672976
24	173.36272776640314
25	223.76292820688153
26	282.4001702410484
27	358.3753774627756
28	433.2623389012088
29	496.0059752240731
30	543.006412402351
31	575.9401400908633
32	594.6730924834806
33	606.3251116894264
34	607.3319968058516
35	582.148200575135
36	521.814589917482
37	451.2911050308591
38	375.3546744420914
39	294.3598801252013
40	229.91774567405662
41	194.78964712885625
42	169.29302635078162
43	144.42613841900052
44	124.55829749749206
45	100.73246729550279
46	73.24143758246588
47	53.259273050371945
48	39.79463430575569
49	29.780426901592737
50	21.305879330256722
51	13.806540883734241
52	12.475560069188859
53	5.58922561286347
54	3.3666739913090966
55	1.786762726893205
56	0.8802478825492657
57	1.5985268386393106
58	1.6515154301755717
59	0.08809671015185798
60	0.10860165504575306
61	0.5599024849132497
62	1.1574313714304925
63	0.564516129032258
64	0.1185274938381815
65	0.1992910918521336
66	0.028169014084507043
67	0.0
68	0.06722689075630252
69	0.0196078431372549
70	0.0
71	0.0
72	0.0
73	0.0
74	0.0
75	0.0
76	0.0
77	0.0
78	0.0
79	0.0
80	0.0
81	0.0
82	0.0
83	0.0
84	0.0
85	0.0
86	0.0
87	0.0
88	0.0
89	0.0
90	0.0
91	0.0
92	0.0
93	0.0
94	0.0
95	0.0
96	0.0
97	0.0
98	0.0
99	0.0
100	0.0
>>END_MODULE
>>Per base N content	pass
#Base	N-Count
1	0.0
2	0.0
3	0.0
4	0.0
5	0.0
6	0.0
7	0.0
8	0.0
9	0.0
10-999	0.0
1000-1999	0.0
2000-2999	0.0
3000-3999	0.0
4000-4999	0.0
5000-5999	0.0
6000-6999	0.0
7000-7999	0.0
8000-8999	0.0
9000-9999	0.0
10000-10999	0.0
11000-11999	0.0
12000-12999	0.0
13000-13999	0.0
14000-14999	0.0
15000-15999	0.0
16000-16999	0.0
17000-17999	0.0
18000-18999	0.0
19000-19999	0.0
20000-20999	0.0
21000-21999	0.0
22000-22999	0.0
23000-23999	0.0
24000-24999	0.0
25000-25999	0.0
26000-26999	0.0
27000-27999	0.0
28000-28999	0.0
29000-29999	0.0
30000-30999	0.0
31000-31999	0.0
32000-32999	0.0
33000-33999	0.0
34000-34999	0.0
35000-35999	0.0
36000-36999	0.0
37000-37999	0.0
38000-38999	0.0
39000-39999	0.0
40000-40999	0.0
41000-41999	0.0
42000-42999	0.0
43000-43999	0.0
44000-44999	0.0
45000-45999	0.0
46000-46229	0.0
>>END_MODULE
>>Sequence Length Distribution	warn
#Length	Count
0-999	10194.0
1000-1999	20662.0
2000-2999	21975.0
3000-3999	22734.0
4000-4999	22836.0
5000-5999	21791.0
6000-6999	21304.0
7000-7999	21571.0
8000-8999	21483.0
9000-9999	19901.0
10000-10999	16955.0
11000-11999	13225.0
12000-12999	10264.0
13000-13999	7641.0
14000-14999	5991.0
15000-15999	4529.0
16000-16999	3487.0
17000-17999	2717.0
18000-18999	2053.0
19000-19999	1505.0
20000-20999	1133.0
21000-21999	846.0
22000-22999	590.0
23000-23999	448.0
24000-24999	341.0
25000-25999	237.0
26000-26999	174.0
27000-27999	113.0
28000-28999	123.0
29000-29999	66.0
30000-30999	52.0
31000-31999	38.0
32000-32999	34.0
33000-33999	20.0
34000-34999	15.0
35000-35999	11.0
36000-36999	3.0
37000-37999	5.0
38000-38999	14.0
39000-39999	5.0
40000-40999	1.0
41000-41999	1.0
42000-42999	2.0
43000-43999	1.0
44000-44999	0.0
45000-45999	0.0
46000-46230	1.0
>>END_MODULE
>>Sequence Duplication Levels	pass
#Total Deduplicated Percentage	99.99511931728624
#Duplication Level	Percentage of deduplicated	Percentage of total
1	99.995119079064	99.99023863457252
2	0.0048809209360078844	0.009761365427486976
3	0.0	0.0
4	0.0	0.0
5	0.0	0.0
6	0.0	0.0
7	0.0	0.0
8	0.0	0.0
9	0.0	0.0
>10	0.0	0.0
>50	0.0	0.0
>100	0.0	0.0
>500	0.0	0.0
>1k	0.0	0.0
>5k	0.0	0.0
>10k+	0.0	0.0
>>END_MODULE
>>Overrepresented sequences	pass
>>END_MODULE
>>Adapter Content	pass
#Position	Illumina Universal Adapter	Illumina Small RNA 3' Adapter	Illumina Small RNA 5' Adapter	Nextera Transposase Sequence	SOLID Small RNA Adapter
1	0.0	0.0	0.0	0.0	0.0
2	0.0	0.0	0.0	0.0	0.0
3	0.0	0.0	0.0	0.0	0.0
4	0.0	0.0	0.0	0.0	0.0
5	0.0	0.0	0.0	0.0	0.0
6	0.0	0.0	0.0	0.0	0.0
7	0.0	0.0	0.0	0.0	0.0
8	3.608909676208624E-4	0.0	0.0	0.0	0.0
9	7.217819352417248E-4	0.0	0.0	0.0	0.0
10-999	0.0025415472992450674	0.0011067323007039808	0.0	0.0030354940276554683	0.0
1000-1999	0.006113132100529739	0.002399203152743501	7.679759790971867E-4	0.00877650744157176	7.253908449179322E-5
2000-2999	0.00941672801813132	0.00324549247181437	0.0010826729028625744	0.014322318941001489	0.001457277727253034
3000-3999	0.012254774587501476	0.004231085704387048	0.0017355246632887013	0.017835953401758316	0.002165345805725149
4000-4999	0.016339699450001976	0.006270841453380157	0.0025262367733460142	0.02163072192629181	0.002165345805725149
5000-5999	0.019222496499357675	0.007274840125301278	0.0025262367733460142	0.02460662884529369	0.002165345805725149
6000-6999	0.022024814862933933	0.008087927475351055	0.002877022793873577	0.027534898156568954	0.002165345805725149
7000-7999	0.024419326433098208	0.00866715747838252	0.002887127740966961	0.03004417305443638	0.0024652461998180947
8000-8999	0.026242908492486026	0.009355015662668121	0.002887127740966961	0.03339432390686159	0.0027651465939111104
9000-9999	0.02634504063632275	0.010143923317887396	0.002887127740966961	0.0353196772191178	0.002887127740966961
10000-10999	0.027217674996030717	0.010901072567955503	0.0032397182163324367	0.03718584441268601	0.002887127740966961
11000-11999	0.027728335715213707	0.011187619996246581	0.003248018708587716	0.03815411487881312	0.002887127740966961
12000-12999	0.02814949547442699	0.011442409019387341	0.003248018708587716	0.039023501219810755	0.002887127740966961
13000-13999	0.02852770920849352	0.011630433213517645	0.003248018708587716	0.039927893984669234	0.002887127740966961
14000-14999	0.02944798117592753	0.0119094019314883	0.003248018708587716	0.04047247845480982	0.002887127740966961
15000-15999	0.029740663750667872	0.0119094019314883	0.003248018708587716	0.04100082283140651	0.002887127740966961
16000-16999	0.030220648737603054	0.012012255857260075	0.003248018708587716	0.04136207468999458	0.002887127740966961
17000-17999	0.030314841280152115	0.01236809435133467	0.003248018708587716	0.04176338544599008	0.002887127740966961
18000-18999	0.030808540123857166	0.012631183866730431	0.003248018708587716	0.04186335224402104	0.002887127740966961
19000-19999	0.03103662321539338	0.012631183866730431	0.003248018708587716	0.04186335224402104	0.002887127740966961
20000-20999	0.03103662321539338	0.012631183866730431	0.003248018708587716	0.04186335224402104	0.002887127740966961
21000-21999	0.03130729144111031	0.012631183866730431	0.003248018708587716	0.042156034818761075	0.002887127740966961
22000-22999	0.031397514183015555	0.012631183866730431	0.003248018708587716	0.042224243211641456	0.002887127740966961
23000-23999	0.031397514183015555	0.012631183866730431	0.003248018708587716	0.042224243211641456	0.002887127740966961
24000-24999	0.031397514183015555	0.012631183866730431	0.003248018708587716	0.042224243211641456	0.002887127740966961
25000-25999	0.031397514183015555	0.012631183866730431	0.003248018708587716	0.042224243211641456	0.002887127740966961
26000-26999	0.031397514183015555	0.012631183866730431	0.003248018708587716	0.042224243211641456	0.002887127740966961
27000-27999	0.031397514183015555	0.012631183866730431	0.003248018708587716	0.042224243211641456	0.002887127740966961
28000-28999	0.031397514183015555	0.012631183866730431	0.003248018708587716	0.042224243211641456	0.002887127740966961
29000-29999	0.031397514183015555	0.012631183866730431	0.003248018708587716	0.042224243211641456	0.002887127740966961
30000-30999	0.031397514183015555	0.012631183866730431	0.003248018708587716	0.042224243211641456	0.002887127740966961
31000-31999	0.031397514183015555	0.012631183866730431	0.003248018708587716	0.042224243211641456	0.002887127740966961
32000-32999	0.031397514183015555	0.012631183866730431	0.003248018708587716	0.042224243211641456	0.002887127740966961
33000-33999	0.031397514183015555	0.012631183866730431	0.003248018708587716	0.042224243211641456	0.002887127740966961
34000-34999	0.031397514183015555	0.012631183866730431	0.003248018708587716	0.042224243211641456	0.002887127740966961
35000-35999	0.03182877888932222	0.013062448573036714	0.003248018708587716	0.04265550791794801	0.0030184920531808996
36000-36999	0.0321192961182568	0.01335296580197162	0.003248018708587716	0.04294602514688252	0.003248018708587716
37000-37999	0.0321192961182568	0.01335296580197162	0.003248018708587716	0.04294602514688252	0.003248018708587716
38000-38999	0.0321192961182568	0.01335296580197162	0.003248018708587716	0.04294602514688252	0.003248018708587716
39000-39999	0.03223911191950676	0.013472781603222139	0.003248018708587716	0.04306584094813245	0.003248018708587716
40000-40999	0.0324801870858773	0.013713856769593013	0.003248018708587716	0.04330691611450293	0.003248018708587716
41000-41999	0.032791275099966426	0.014024944783681815	0.0035591067226768613	0.04361800412859192	0.003248018708587716
42000-42999	0.03295223247152517	0.014185902155240538	0.0037200640942358526	0.04377896150015075	0.0033591731266148944
43000-43999	0.03323841900884846	0.014472088692563978	0.0040062506315592375	0.04406514803747489	0.003645359663938274
44000-44999	0.033562859988740736	0.01479652967245559	0.004330691611450298	0.04438958901736564	0.003969800643829546
45000-45999	0.033562859988740736	0.01479652967245559	0.004330691611450298	0.04438958901736564	0.003969800643829546
46000-46218	0.033564507892702045	0.014798177576417037	0.004332339515412103	0.04439123692132778	0.003971448547791221
>>END_MODULE
