##FastQC	0.11.8
>>Basic Statistics	pass
#Measure	Value
Filename	SRR6058604_scaffold_06.1P.fastq.gz
File type	Conventional base calls
Encoding	Sanger / Illumina 1.9
Total Sequences	4510774
Sequences flagged as poor quality	0
Sequence length	50-151
%GC	32
>>END_MODULE
>>Per base sequence quality	pass
#Base	Mean	Median	Lower Quartile	Upper Quartile	10th Percentile	90th Percentile
1	31.902466849369976	32.0	32.0	32.0	32.0	32.0
2	31.695749110906466	32.0	32.0	32.0	32.0	32.0
3	35.74787098622099	37.0	37.0	37.0	32.0	37.0
4	36.28760651719638	37.0	37.0	37.0	37.0	37.0
5	36.509346732955365	37.0	37.0	37.0	37.0	37.0
6	40.09975095183221	41.0	41.0	41.0	37.0	41.0
7	40.22345145201245	41.0	41.0	41.0	37.0	41.0
8	40.27300702717538	41.0	41.0	41.0	41.0	41.0
9	40.309937939697264	41.0	41.0	41.0	41.0	41.0
10-14	40.336906659477954	41.0	41.0	41.0	41.0	41.0
15-19	40.31661666046669	41.0	41.0	41.0	41.0	41.0
20-24	40.27429421203545	41.0	41.0	41.0	41.0	41.0
25-29	40.190734361774716	41.0	41.0	41.0	38.6	41.0
30-34	40.14284506384048	41.0	41.0	41.0	37.0	41.0
35-39	40.109343850966596	41.0	41.0	41.0	37.0	41.0
40-44	40.07070405212055	41.0	41.0	41.0	37.0	41.0
45-49	40.031412214400454	41.0	41.0	41.0	37.0	41.0
50-54	39.97900231829292	41.0	41.0	41.0	37.0	41.0
55-59	39.9349376763635	41.0	41.0	41.0	37.0	41.0
60-64	39.91328826177174	41.0	41.0	41.0	37.0	41.0
65-69	39.900666312989905	41.0	41.0	41.0	37.0	41.0
70-74	39.87577452027766	41.0	41.0	41.0	37.0	41.0
75-79	39.54061721813725	41.0	40.2	41.0	37.0	41.0
80-84	39.961250082736846	41.0	41.0	41.0	37.0	41.0
85-89	39.97281655361822	41.0	41.0	41.0	37.0	41.0
90-94	39.93252875810373	41.0	41.0	41.0	37.0	41.0
95-99	39.90934362084289	41.0	41.0	41.0	37.0	41.0
100-104	39.87839233109572	41.0	41.0	41.0	37.0	41.0
105-109	39.85218350896499	41.0	41.0	41.0	37.0	41.0
110-114	39.83736225803556	41.0	41.0	41.0	37.0	41.0
115-119	39.805118831377946	41.0	41.0	41.0	37.0	41.0
120-124	39.792470516091164	41.0	41.0	41.0	37.0	41.0
125-129	39.71751193847702	41.0	41.0	41.0	37.0	41.0
130-134	39.66993319523786	41.0	41.0	41.0	37.0	41.0
135-139	39.62037231044364	41.0	41.0	41.0	37.0	41.0
140-144	39.5521621324264	41.0	41.0	41.0	37.0	41.0
145-149	39.47413501985869	41.0	41.0	41.0	37.0	41.0
150-151	39.198765322360316	41.0	39.0	41.0	34.5	41.0
>>END_MODULE
>>Per sequence quality scores	pass
#Quality	Count
22	2.0
23	11.0
24	42.0
25	167.0
26	651.0
27	1914.0
28	4770.0
29	9920.0
30	17962.0
31	29291.0
32	42837.0
33	59117.0
34	78016.0
35	100443.0
36	126757.0
37	165390.0
38	236278.0
39	435650.0
40	3201556.0
>>END_MODULE
>>Per base sequence content	warn
#Base	G	A	T	C
1	18.372877914078604	39.600986438247624	27.999163779874586	14.026971867799185
2	15.470116658471472	35.90122227360537	34.89474311947351	13.733917948449644
3	15.815319417607451	34.76928117847677	34.15393196552608	15.261467438389703
4	16.385829655749802	33.79582493756386	33.77281047792031	16.045534928766035
5	16.626525735938	34.02666593360696	33.107666223135986	16.239142107319054
6	16.4725388591847	33.97201899274936	33.23498361921923	16.32045852884671
7	16.46300612710812	34.32719085460722	33.132406988246366	16.077396030038305
8	16.060747002620836	34.01276588009065	33.64402650188194	16.28246061540658
9	15.924717132802485	34.02848380344482	33.88238914208515	16.164409921667545
10-14	15.85679639728366	34.20922682836626	34.01466659590137	15.919310178448711
15-19	15.924482139872225	33.94159849285289	34.06457073664077	16.069348630634124
20-24	16.04259490721548	33.85537382276301	33.94136349992263	16.16066777009888
25-29	16.105224966193074	33.83029590874908	33.864658172403765	16.199820952654076
30-34	16.147398440135763	33.79176587023147	33.83822898685709	16.22260670277568
35-39	16.161459358011133	33.780590020201906	33.81319791435404	16.24475270743292
40-44	16.203293487514188	33.774071545119185	33.76455200056754	16.258082966799094
45-49	16.19316841590378	33.748774931018374	33.77603415685636	16.282022496221487
50-54	16.201442727901444	33.71463899701123	33.80753100574723	16.276387269340102
55-59	16.218328449423755	33.70954194611869	33.767949723438726	16.304179881018825
60-64	16.210622242024083	33.71501688080967	33.780730523038386	16.29363035412787
65-69	16.20270575109611	33.71682865876661	33.78433794396979	16.296127646167484
70-74	16.21596799814656	33.70172397704224	33.78982846751995	16.292479557291248
75-79	16.2073926412096	33.68455789541084	33.79549990171623	16.312549561663328
80-84	16.200488210958667	33.66435169132019	33.84196043013307	16.29319966758807
85-89	16.21672281274861	33.712433044769305	33.79522872373724	16.275615418744856
90-94	16.204241399745577	33.69751288415444	33.824835837998336	16.273409878101646
95-99	16.191216863260085	33.689241347248895	33.834918025618464	16.284623763872556
100-104	16.19995237302985	33.67458454110717	33.835686410020074	16.289776675842905
105-109	16.21076954306575	33.63635055815742	33.872090794798936	16.28078910397789
110-114	16.213337304874486	33.617026331927775	33.90009877721716	16.269537585980583
115-119	16.208196438561316	33.66548586318281	33.866592550300865	16.25972514795501
120-124	16.202777619282124	33.65485105229767	33.870674812620734	16.271696515799462
125-129	16.220875737013845	33.65672558796312	33.846519213750845	16.27587946127219
130-134	16.230485464185236	33.647605859026676	33.85918335841031	16.262725318377775
135-139	16.212397676435476	33.66176307545981	33.85811816646603	16.267721081638687
140-144	16.21916148415	33.623803216133034	33.8624792442266	16.294556055490368
145-149	16.267922178643403	33.690278531879336	33.768239002173026	16.273560287304235
150-151	16.398130964767883	33.53578986106179	33.70628941436466	16.359789759805665
>>END_MODULE
>>Per sequence GC content	pass
#GC Content	Count
0	168.0
1	260.5
2	472.0
3	890.0
4	1528.0
5	2467.0
6	3848.0
7	5734.0
8	8047.5
9	10803.0
10	13993.0
11	17781.5
12	22158.0
13	27330.5
14	32817.0
15	38596.5
16	45385.0
17	52403.0
18	59819.0
19	67183.5
20	74340.5
21	80692.0
22	87798.5
23	96821.0
24	106909.0
25	119201.5
26	131969.5
27	144512.5
28	155359.5
29	166151.5
30	179247.0
31	191257.0
32	199380.5
33	202114.5
34	203196.5
35	201172.0
36	193649.0
37	183023.5
38	172935.5
39	164659.0
40	153176.0
41	138719.5
42	123566.0
43	108199.0
44	95201.5
45	83649.0
46	70787.0
47	58010.0
48	46805.5
49	38353.0
50	31799.5
51	26263.0
52	21882.0
53	17163.0
54	12766.5
55	9815.5
56	7887.0
57	6356.0
58	5349.0
59	4966.5
60	4288.5
61	3391.5
62	2428.0
63	1563.5
64	1133.5
65	792.5
66	526.0
67	400.0
68	271.5
69	207.0
70	172.5
71	173.5
72	165.0
73	117.5
74	80.0
75	51.0
76	40.5
77	28.0
78	19.5
79	17.5
80	15.0
81	11.0
82	11.5
83	11.0
84	7.0
85	4.5
86	3.0
87	5.0
88	6.0
89	3.5
90	3.0
91	3.0
92	2.5
93	2.5
94	2.0
95	5.0
96	11.0
97	12.0
98	19.0
99	44.0
100	205.0
>>END_MODULE
>>Per base N content	pass
#Base	N-Count
1	0.0
2	0.0
3	4.43382887282759E-5
4	0.01254773571010208
5	0.0
6	0.0
7	0.0
8	0.0
9	0.0
10-14	0.0019641861906626226
15-19	0.0
20-24	0.0
25-29	2.6159590349682785E-4
30-34	0.0022036129497953125
35-39	0.004651086487596143
40-44	0.0011971337956634494
45-49	1.6848549716744842E-4
50-54	0.002005461688560585
55-59	0.00564932200357583
60-64	0.0072084779537005565
65-69	0.005758521764714384
70-74	0.005554823899792943
75-79	0.006809997183320691
80-84	0.0030457306817803093
85-89	0.0031770888662762844
90-94	0.0044306208673147475
95-99	0.005347179022380449
100-104	0.008048789690961766
105-109	0.004878304234286392
110-114	0.0054299258735467214
115-119	0.00282585007299504
120-124	0.0060672423540955285
125-129	0.010068149706955755
130-134	0.008575360716949922
135-139	0.006583264472571874
140-144	0.0048055757295418266
145-149	0.003012177063309863
150-151	0.002996995959309153
>>END_MODULE
>>Sequence Length Distribution	warn
#Length	Count
50-54	7958.0
55-59	7811.0
60-64	7819.0
65-69	8308.0
70-74	8669.0
75-79	8320.0
80-84	7904.0
85-89	8587.0
90-94	9146.0
95-99	10642.0
100-104	12946.0
105-109	13376.0
110-114	12989.0
115-119	13313.0
120-124	13137.0
125-129	13966.0
130-134	14082.0
135-139	14256.0
140-144	14887.0
145-149	33960.0
150-152	4268698.0
>>END_MODULE
>>Sequence Duplication Levels	pass
#Total Deduplicated Percentage	77.43168260215211
#Duplication Level	Percentage of deduplicated	Percentage of total
1	90.80861980182252	70.31464226034227
2	6.881170599870863	10.656412356409225
3	0.9741380188797296	2.262874376657535
4	0.27206499203923323	0.8426580044295578
5	0.1316273346624289	0.5096062999674225
6	0.07492766247622902	0.34810649873883287
7	0.05438392568625647	0.29477272106780666
8	0.036895038445337154	0.2285475925194837
9	0.031082255638691478	0.21660762178567
>10	0.7152647677461716	13.298617666218899
>50	0.019153261347599423	0.8765143573063284
>100	6.096179261530742E-4	0.1228594460847753
>500	6.272345875052802E-5	0.02778079847216998
>1k	0.0	0.0
>5k	0.0	0.0
>10k+	0.0	0.0
>>END_MODULE
>>Overrepresented sequences	pass
>>END_MODULE
>>Adapter Content	pass
#Position	Illumina Universal Adapter	Illumina Small RNA 3' Adapter	Illumina Small RNA 5' Adapter	Nextera Transposase Sequence	SOLID Small RNA Adapter
1	0.0	0.0	0.0	0.0	0.0
2	0.0	0.0	0.0	0.0	0.0
3	0.0	0.0	0.0	2.216914436413795E-5	0.0
4	0.0	0.0	0.0	2.216914436413795E-5	0.0
5	0.0	0.0	0.0	2.216914436413795E-5	0.0
6	0.0	0.0	2.216914436413795E-5	2.216914436413795E-5	0.0
7	0.0	0.0	2.216914436413795E-5	2.216914436413795E-5	0.0
8	0.0	0.0	2.216914436413795E-5	2.216914436413795E-5	0.0
9	0.0	0.0	2.216914436413795E-5	2.216914436413795E-5	0.0
10-14	0.0	0.0	3.5470630982620724E-5	4.43382887282759E-5	0.0
15-19	0.0	2.216914436413795E-5	4.43382887282759E-5	6.207360421958627E-5	0.0
20-24	0.0	4.43382887282759E-5	4.43382887282759E-5	8.86765774565518E-5	0.0
25-29	1.7735315491310362E-5	4.43382887282759E-5	4.43382887282759E-5	1.0197806407503456E-4	0.0
30-34	1.2858103731200012E-4	4.43382887282759E-5	4.43382887282759E-5	1.1084572182068977E-4	0.0
35-39	3.4140482320772444E-4	6.650743309241385E-5	6.207360421958627E-5	1.2858103731200012E-4	0.0
40-44	4.788535182653797E-4	6.650743309241385E-5	6.650743309241385E-5	1.5518401054896564E-4	0.0
45-49	5.010226626295177E-4	6.650743309241385E-5	6.650743309241385E-5	1.773531549131036E-4	0.0
50-54	5.675300957219316E-4	6.650743309241385E-5	8.424274858372422E-5	2.0395612815006913E-4	0.0
55-59	6.074345555773799E-4	6.650743309241385E-5	8.86765774565518E-5	2.2169144364137954E-4	0.0
60-64	7.404494217622075E-4	6.650743309241385E-5	1.0641189294786216E-4	2.2169144364137954E-4	0.0
65-69	8.158245126002765E-4	6.650743309241385E-5	1.1084572182068977E-4	2.8819887673379335E-4	0.0
70-74	8.956334323111731E-4	6.650743309241385E-5	1.330148661848277E-4	3.325371654620693E-4	0.0
75-79	9.355378921666215E-4	6.650743309241385E-5	1.4631635280331045E-4	3.7244162531751754E-4	0.0
80-84	0.00123260442664607	6.650743309241385E-5	1.5961783942179322E-4	4.1234608517296586E-4	0.0
85-89	0.0014631635280331048	7.980891971089663E-5	1.773531549131036E-4	4.744196893925521E-4	0.0
90-94	0.0018533404688419325	1.1971337956634493E-4	1.906546415315864E-4	5.098903203751728E-4	0.0
95-99	0.0023100248427431747	1.330148661848277E-4	2.083899570228967E-4	5.497947802306211E-4	0.0
100-104	0.002726804756788968	1.330148661848277E-4	2.2169144364137954E-4	5.852654112132419E-4	0.0
105-109	0.003405180574331589	1.330148661848277E-4	2.4386058800551745E-4	5.985668978317247E-4	0.0
110-114	0.004469299503810211	1.330148661848277E-4	2.4829441687834503E-4	6.163022133230349E-4	0.0
115-119	0.005351631449502901	1.5075018167613803E-4	2.660297323696554E-4	6.473390154328282E-4	0.0
120-124	0.005959066005080281	1.773531549131036E-4	2.7933121898813813E-4	6.695081597969661E-4	0.0
125-129	0.0062650001973053844	1.773531549131036E-4	3.103680210979313E-4	7.005449619067592E-4	0.0
130-134	0.0064334856944728335	1.773531549131036E-4	3.103680210979313E-4	7.670523949991732E-4	0.0
135-139	0.006650743309241386	1.773531549131036E-4	3.325371654620693E-4	7.936553682361387E-4	0.0
140	0.0068502656085186265	1.9952229927724154E-4	3.547063098262072E-4	8.424274858372422E-4	0.0
>>END_MODULE
